"Team" "Year" "Wins" "TotalPts" "Pts_G" "ScrmPlays" "TotalYards" "Yds_P" "First" "PassFirst" "RushFirst" "ThirdMd" "ThirdAtt" "ThirdPct" "RZMd" "RZAtt" "RZPct" "PassAtt" "PassComp" "PassYds" "PassTD" "PassPct" "PassYds_Att" "PassYds_Comp" "PassInt" "IntPct" "Sacks" "SackYds" "SackPct" "QBRating" "RushAtt" "RushYds" "RushTD" "RushAvg" "TFL" "TFLPct" "Pen" "PenYds" "RatioRush_Pass" "RatioRushTD_PassTD" "OppTotalPts" "OppPts_G" "OppScrmPlays" "OppTotalYards" "OppYds_P" "OppFirst" "OppThirdMd" "OppThirdAtt" "OppThirdPct" "OppRZMd" "OppRZAtt" "OppRZPct" "OppSacks" "OppSackPct" "OppRushYds" "OppRushAvg" "OppTFL" "OppTFLPct" "OppPen" "OppPenYds"
"ArizonaCardinals" 2012 5 250 15.6 1018 4209 4.1 246 168 58 58 230 25.2 16 40 40 608 337 3005 11 55.4 4.9 8.9 21 0.0345394736842105 58 378 8.7 60.51 352 1204 10 3.4 94 26.7 102 857 0.578947368421053 0.909090909090909 357 22.3 1041 5405 5.2 288 73 222 32.9 20 45 44.4 38 7.1 2192 4.3 69 13.6 100 810
"AtlantaFalcons" 2012 13 419 26.2 1021 5906 5.8 342 246 70 92 204 45.1 37 63 58.7 615 422 4509 32 68.6 7.3 10.7 14 0.0227642276422764 28 210 4.4 97.67 378 1397 12 3.7 69 18.3 55 415 0.614634146341463 0.375 299 18.7 991 5849 5.9 298 81 200 40.5 19 42 45.2 29 5 1971 4.8 70 17 83 641
"BaltimoreRavens" 2012 10 398 24.9 1042 5640 5.4 314 182 98 80 217 36.9 28 49 57.1 560 334 3739 22 59.6 6.7 11.2 11 0.0196428571428571 38 257 6.4 84.52 444 1901 17 4.3 72 16.2 121 1127 0.792857142857143 0.772727272727273 344 21.5 1086 5615 5.2 326 83 232 35.8 23 53 43.4 37 6.2 1965 4 80 16.3 107 929
"BuffaloBills" 2012 6 344 21.5 983 5486 5.6 301 176 103 77 198 38.9 24 48 50 511 309 3269 24 60.5 6.4 10.6 17 0.0332681017612524 30 161 5.5 80.92 442 2217 12 5 66 14.9 104 871 0.864970645792564 0.5 435 27.2 1042 5806 5.6 349 92 209 44 38 55 69.1 36 6.3 2333 5 72 15.3 80 693
"CarolinaPanthers" 2012 7 357 22.3 988 5771 5.8 328 171 123 88 204 43.1 27 46 58.7 490 284 3683 19 58 7.5 13 12 0.0244897959183673 36 244 6.8 84.42 462 2088 22 4.5 84 18.2 98 835 0.942857142857143 1.15789473684211 363 22.7 1010 5329 5.3 325 73 202 36.1 27 50 54 39 6.6 1761 4.2 63 15.1 86 711
"ChicagoBears" 2012 10 375 23.4 999 4969 5 292 163 99 80 219 36.5 23 46 50 485 287 2999 21 59.2 6.2 10.4 16 0.0329896907216495 44 299 8.3 77.85 470 1970 11 4.2 76 16.2 102 811 0.969072164948454 0.523809523809524 277 17.3 1021 5050 4.9 286 78 220 35.5 21 41 51.2 41 6.5 1627 4.2 79 20.4 78 704
"CincinnatiBengals" 2012 10 391 24.4 1016 5323 5.2 292 173 95 74 217 34.1 31 57 54.4 540 335 3578 28 62 6.6 10.7 16 0.0296296296296296 46 229 7.8 86.33 430 1745 11 4.1 56 13 99 857 0.796296296296296 0.392857142857143 320 20 1034 5115 4.9 307 79 219 36.1 21 41 51.2 51 8.3 1715 4.1 85 20.1 90 779
"ClevelandBrowns" 2012 5 302 18.9 998 5028 5 279 185 71 67 218 30.7 17 39 43.6 566 328 3435 16 58 6.1 10.5 18 0.0318021201413428 36 233 6 71.83 396 1593 12 4 68 17.2 113 1005 0.699646643109541 0.75 368 23 1095 5821 5.3 345 85 223 38.1 30 53 56.6 38 6 1898 4.2 59 12.9 120 1008
"DallasCowboys" 2012 8 376 23.5 1049 5994 5.7 338 237 76 93 212 43.9 25 49 51 658 434 4729 29 66 7.2 10.9 19 0.0288753799392097 36 263 5.2 89.65 355 1265 8 3.6 71 20 117 853 0.53951367781155 0.275862068965517 400 25 986 5687 5.8 317 81 202 40.1 30 55 54.5 34 6.2 2003 4.5 59 13.4 89 726
"DenverBroncos" 2012 13 481 30.1 1090 6366 5.8 380 232 112 96 213 45.1 39 66 59.1 588 402 4534 37 68.4 7.7 11.3 11 0.0187074829931973 21 137 3.4 104.37 481 1832 12 3.8 64 13.3 100 805 0.818027210884354 0.324324324324324 289 18.1 1015 4652 4.6 287 66 216 30.6 24 41 58.5 52 8.5 1458 3.6 83 20.5 123 951
"DetroitLions" 2012 4 372 23.2 1160 6540 5.6 382 272 84 97 228 42.5 33 55 60 740 445 4927 22 60.1 6.7 11.1 17 0.022972972972973 29 212 3.8 80.28 391 1613 17 4.1 62 15.9 103 944 0.528378378378378 0.772727272727273 437 27.3 998 5458 5.5 305 76 208 36.5 20 39 51.3 34 5.9 1889 4.5 96 22.9 93 789
"GreenBayPackers" 2012 11 433 27.1 1042 5751 5.5 341 213 85 90 213 42.3 32 47 68.1 558 374 4049 40 67 7.3 10.8 8 0.014336917562724 51 293 8.4 106.09 433 1702 9 3.9 72 16.6 103 923 0.775985663082437 0.225 336 21 1033 5388 5.2 308 83 218 38.1 29 47 61.7 47 7.6 1896 4.5 73 17.5 123 1055
"HoustonTexans" 2012 12 416 26 1090 5953 5.5 341 205 114 83 221 37.6 32 57 56.1 554 354 3830 22 63.9 6.9 10.8 13 0.0234657039711191 28 216 4.8 87.6 508 2123 19 4.2 85 16.7 108 873 0.916967509025271 0.863636363636364 331 20.7 1015 5172 5.1 292 71 215 33 20 40 50 44 7 1560 4 88 22.6 90 863
"IndianapolisColts" 2012 11 357 22.3 1109 5799 5.2 360 208 110 98 229 42.8 26 48 54.2 628 339 4128 23 54 6.6 12.2 18 0.0286624203821656 41 246 6.1 74.72 440 1671 11 3.8 83 18.9 94 801 0.700636942675159 0.478260869565217 387 24.2 995 5988 6 325 75 197 38.1 27 53 50.9 32 5.6 2200 5.1 65 15.2 128 1208
"JacksonvilleJaguars" 2012 2 255 15.9 994 4788 4.8 269 157 76 64 216 29.6 16 36 44.4 586 328 3419 20 56 5.8 10.4 17 0.0290102389078498 50 327 7.9 72.33 358 1369 5 3.8 71 19.8 101 955 0.610921501706485 0.25 444 27.8 1100 6088 5.5 364 89 215 41.4 35 66 53 20 3.6 2256 4.1 51 9.4 101 820
"KansasCityChiefs" 2012 2 211 13.2 1015 5108 5 286 144 118 70 212 33 10 37 27 475 273 2713 8 57.5 5.7 9.9 20 0.0421052631578947 40 224 7.8 61.85 500 2395 9 4.8 84 16.8 92 733 1.05263157894737 1.125 425 26.6 973 5704 5.9 301 79 202 39.1 34 64 53.1 27 5.5 2171 4.5 71 14.7 81 670
"MiamiDolphins" 2012 7 288 18 981 4984 5.1 288 158 93 78 207 37.7 21 38 55.3 504 293 3182 13 58.1 6.3 10.9 13 0.0257936507936508 37 243 6.8 74.69 440 1802 15 4.1 73 16.6 82 724 0.873015873015873 1.15384615384615 317 19.8 1073 5708 5.3 320 87 238 36.6 23 54 42.6 42 6.5 1734 4 78 18.1 121 1045
"MinnesotaVikings" 2012 10 379 23.7 1001 5385 5.4 306 163 113 78 210 37.1 28 52 53.8 483 300 2751 18 62.1 5.7 9.2 12 0.0248447204968944 32 184 6.2 79.65 486 2634 16 5.4 83 17.1 90 830 1.00621118012422 0.888888888888889 348 21.8 1083 5600 5.2 345 95 230 41.3 31 51 60.8 44 6.7 1692 4 75 17.6 111 949
"NewEnglandPatriots" 2012 12 557 34.8 1191 6846 5.7 444 256 151 110 226 48.7 49 70 70 641 402 4662 34 62.7 7.3 11.6 9 0.0140405616224649 27 182 4 96.48 523 2184 25 4.2 72 13.8 97 840 0.81591263650546 0.735294117647059 331 20.7 1046 5972 5.7 340 82 205 40 24 46 52.2 37 5.9 1630 3.9 71 17.1 101 932
"NewOrleansSaints" 2012 7 461 28.8 1067 6574 6.2 352 267 64 91 207 44 39 57 68.4 671 423 4997 43 63 7.4 11.8 19 0.0283159463487332 26 190 3.7 95.21 370 1577 10 4.3 53 14.3 104 911 0.551415797317437 0.232558139534884 454 28.4 1089 7042 6.5 380 80 208 38.5 39 70 55.7 30 4.7 2361 5.2 60 13.1 102 835
"NewYorkGiants" 2012 9 429 26.8 968 5687 5.9 327 187 103 78 192 40.6 34 62 54.8 539 323 3825 26 59.9 7.1 11.8 15 0.0278293135435993 20 142 3.6 86.07 409 1862 18 4.6 51 12.5 72 578 0.758812615955473 0.692307692307692 344 21.5 1016 6134 6 317 84 198 42.4 23 50 46 33 5.8 2066 4.6 69 15.4 102 900
"NewYorkJets" 2012 6 281 17.6 1034 4787 4.6 299 162 102 80 217 36.9 23 47 48.9 493 272 2891 14 55.2 5.9 10.6 19 0.0385395537525355 47 287 8.7 65.9 494 1896 12 3.8 66 13.4 83 708 1.00202839756592 0.857142857142857 375 23.4 1019 5174 5.1 293 84 226 37.2 24 41 58.5 30 5.7 2138 4.3 67 13.5 109 805
"OaklandRaiders" 2012 4 290 18.1 1032 5504 5.3 300 200 72 77 220 35 18 42 42.9 629 376 4084 24 59.8 6.5 10.9 16 0.0254372019077901 27 208 4.1 81.07 376 1420 4 3.8 79 21 108 939 0.597774244833068 0.166666666666667 443 27.7 995 5672 5.7 304 83 212 39.2 30 54 55.6 25 4.5 1897 4.3 76 17.1 101 925
"PhiladelphiaEagles" 2012 4 280 17.5 1079 5665 5.3 332 190 111 83 222 37.4 22 50 44 618 367 3791 18 59.4 6.1 10.3 15 0.0242718446601942 48 284 7.2 76.73 413 1874 10 4.5 110 26.6 98 813 0.668284789644013 0.555555555555556 444 27.8 994 5491 5.5 317 83 203 40.9 30 55 54.5 30 5.8 2021 4.2 78 16.3 118 996
"PittsburghSteelers" 2012 8 336 21 1023 5324 5.2 307 202 80 94 224 42 27 49 55.1 574 354 3787 27 61.7 6.6 10.7 14 0.024390243902439 37 225 6.1 86.48 412 1537 8 3.7 77 18.7 92 938 0.717770034843206 0.296296296296296 314 19.6 951 4413 4.6 273 73 206 35.4 22 42 52.4 37 6.6 1450 3.7 65 16.6 100 882
"SanDiegoChargers" 2012 7 350 21.9 988 4756 4.8 293 184 81 82 217 37.8 22 47 46.8 528 338 3295 26 64 6.2 9.7 15 0.0284090909090909 49 311 8.5 86.01 411 1461 4 3.6 80 19.5 103 796 0.778409090909091 0.153846153846154 350 21.9 1012 5223 5.2 316 90 214 42.1 28 40 70 38 6.3 1542 3.8 74 18.2 102 798
"SanFrancisco49ers" 2012 11 397 24.8 969 5789 6 322 172 128 68 194 35.1 28 55 50.9 436 289 3298 23 66.3 7.6 11.4 8 0.018348623853211 41 253 8.6 98.78 492 2491 18 5.1 70 14.2 109 960 1.12844036697248 0.782608695652174 273 17.1 1012 4710 4.7 284 71 215 33 22 36 61.1 38 6.3 1507 3.7 67 16.5 93 758
"SeattleSeahawks" 2012 11 412 25.8 974 5610 5.8 311 153 129 80 199 40.2 31 54 57.4 405 259 3031 27 64 7.5 11.7 10 0.0246913580246914 33 203 7.5 98.49 536 2579 16 4.8 67 12.5 110 890 1.32345679012346 0.592592592592593 245 15.3 968 4899 5.1 295 76 198 38.4 17 38 44.7 36 6 1649 4.5 56 15.2 102 902
"St.LouisRams" 2012 7 299 18.7 1002 5264 5.3 287 189 79 67 209 32.1 19 37 51.4 557 332 3550 22 59.6 6.4 10.7 14 0.0251346499102334 35 233 5.9 81 410 1714 5 4.2 77 18.8 130 978 0.736086175942549 0.227272727272727 348 21.8 1041 5482 5.3 327 80 213 37.6 27 53 50.9 52 8.7 1880 4.3 96 21.7 90 758
"TampaBayBuccaneers" 2012 7 389 24.3 1008 5820 5.8 301 188 89 76 212 35.8 28 47 59.6 566 311 3983 27 54.9 7 12.8 17 0.0300353356890459 26 161 4.4 80.58 416 1837 13 4.4 59 14.2 101 819 0.734982332155477 0.481481481481481 394 24.6 1031 6078 5.9 329 88 219 40.2 30 54 55.6 27 4.1 1320 3.5 105 27.9 103 851
"TennesseeTitans" 2012 6 330 20.6 957 5010 5.2 260 166 70 83 217 38.2 18 36 50 540 318 3323 17 58.9 6.2 10.4 16 0.0296296296296296 39 254 6.7 74.95 378 1687 10 4.5 80 21.2 106 847 0.7 0.588235294117647 471 29.4 1086 5999 5.5 358 85 214 39.7 37 58 63.8 39 6.5 2035 4.2 81 16.8 86 717
"WashingtonRedskins" 2012 10 436 27.2 994 6131 6.2 341 171 144 68 190 35.8 32 53 60.4 442 291 3422 24 65.8 7.7 11.8 8 0.0180995475113122 33 244 6.9 99.76 519 2709 23 5.2 68 13.1 116 985 1.17420814479638 0.958333333333333 388 24.2 1031 6043 5.9 340 95 215 44.2 30 52 57.7 32 4.8 1532 4.2 61 16.8 100 811
"ArizonaCardinals" 2013 10 379 23.7 1037 5542 5.3 329 205 84 74 210 35.2 26 50 52 574 363 4002 24 63.2 7 11 22 0.0383275261324042 41 289 6.7 81.8 422 1540 12 3.6 74 17.5 96 744 0.735191637630662 0.5 324 20.2 1042 5079 4.9 309 78 221 35.3 26 48 54.2 47 7 1351 3.7 92 24.9 111 960
"AtlantaFalcons" 2013 4 353 22.1 1024 5490 5.4 330 227 64 89 207 43 27 52 51.9 659 445 4243 26 67.5 6.4 9.5 17 0.0257966616084977 44 298 6.3 87.59 321 1247 11 3.9 83 25.9 91 788 0.487101669195751 0.423076923076923 443 27.7 1003 6070 6.1 326 96 209 45.9 34 57 59.6 32 5.8 2173 4.8 59 13 104 885
"BaltimoreRavens" 2013 8 320 20 1090 4918 4.5 295 189 68 92 253 36.4 24 52 46.2 619 363 3590 19 58.6 5.8 9.9 23 0.037156704361874 48 324 7.2 69.87 423 1328 7 3.1 91 21.5 112 942 0.683360258481422 0.368421052631579 352 22 1032 5368 5.2 284 78 233 33.5 20 41 48.8 40 6.8 1687 3.8 76 17.3 126 1196
"BuffaloBills" 2013 6 339 21.2 1116 5410 4.8 301 149 113 83 244 34 21 44 47.7 522 299 3103 16 57.3 5.9 10.4 15 0.028735632183908 48 270 8.4 72.83 546 2307 15 4.2 92 16.8 110 954 1.04597701149425 0.9375 388 24.2 1089 5334 4.9 308 91 245 37.1 24 51 47.1 56 9.1 2063 4.4 98 20.8 108 931
"CarolinaPanthers" 2013 12 366 22.9 999 5069 5.1 319 169 122 91 208 43.8 29 50 58 473 292 3043 24 61.7 6.4 10.4 13 0.0274841437632135 43 336 8.3 85.8 483 2026 14 4.2 81 16.8 80 671 1.02114164904863 0.583333333333333 241 15.1 975 4820 4.9 278 76 212 35.8 17 41 41.5 60 9.6 1391 4 92 26.1 84 753
"ChicagoBears" 2013 8 445 27.8 1013 6109 6 344 215 102 83 197 42.1 35 60 58.3 580 374 4279 32 64.5 7.4 11.4 13 0.0224137931034483 30 169 4.9 95.61 403 1830 13 4.5 68 16.9 85 708 0.694827586206897 0.40625 478 29.9 1021 6313 6.2 353 83 200 41.5 34 59 57.6 31 5.8 2583 5.3 64 13.3 69 647
"CincinnatiBengals" 2013 11 430 26.9 1097 5894 5.4 330 205 101 92 225 40.9 34 46 73.9 587 364 4139 33 62 7.1 11.4 20 0.0340715502555366 29 182 4.7 87.68 481 1755 14 3.6 59 12.3 102 1000 0.819420783645656 0.424242424242424 305 19.1 1042 4888 4.7 282 74 225 32.9 18 36 50 43 6.5 1544 4 66 17.1 69 692
"ClevelandBrowns" 2013 4 308 19.2 1078 5423 5 301 200 77 83 237 35 19 36 52.8 681 379 4040 26 55.7 5.9 10.7 20 0.0293685756240822 49 332 6.7 73.67 348 1383 4 4 65 18.7 104 920 0.511013215859031 0.153846153846154 406 25.4 1107 5319 4.8 328 109 244 44.7 32 50 64 40 6.2 1781 3.9 65 14.1 95 745
"DallasCowboys" 2013 8 439 27.4 957 5458 5.7 325 213 80 63 180 35 35 51 68.6 586 375 3954 33 64 6.7 10.5 12 0.0204778156996587 35 272 5.6 93.76 336 1504 12 4.5 63 18.8 102 867 0.573378839590444 0.363636363636364 432 27 1094 6645 6.1 388 91 210 43.3 40 62 64.5 34 5.2 2056 4.7 70 16 112 875
"DenverBroncos" 2013 13 606 37.9 1156 7319 6.3 435 293 107 95 205 46.3 51 67 76.1 675 461 5444 55 68.3 8.1 11.8 10 0.0148148148148148 20 128 2.9 113.59 461 1875 16 4.1 49 10.6 117 1000 0.682962962962963 0.290909090909091 399 24.9 1074 5696 5.3 339 83 218 38.1 37 60 61.7 41 6.3 1626 3.9 94 22.4 97 807
"DetroitLions" 2013 7 395 24.7 1102 6274 5.7 350 221 106 95 221 43 35 56 62.5 634 371 4477 29 58.5 7.1 12.1 19 0.0299684542586751 24 173 3.6 83.03 444 1797 15 4 61 13.7 110 925 0.700315457413249 0.517241379310345 376 23.5 982 5546 5.6 290 64 211 30.3 16 42 38.1 33 5.5 1596 4.2 77 20.4 87 681
"GreenBayPackers" 2013 8 417 26.1 1074 6404 6 351 201 119 89 216 41.2 33 65 50.8 570 366 4268 25 64.2 7.5 11.7 16 0.0280701754385965 45 270 7.3 89.71 459 2136 17 4.7 74 16.1 86 801 0.805263157894737 0.68 428 26.8 1015 5956 5.9 330 78 204 38.2 35 57 61.4 44 7.5 2000 4.6 80 18.5 99 883
"HoustonTexans" 2013 2 276 17.2 1089 5556 5.1 307 198 90 83 231 35.9 20 41 48.8 633 371 3813 19 58.6 6 10.3 22 0.0347551342812006 42 370 6.2 71.55 414 1743 7 4.2 81 19.6 112 1138 0.654028436018957 0.368421052631579 428 26.8 970 5081 5.2 282 75 217 34.6 32 48 66.7 32 6.2 1958 4.3 71 15.6 102 809
"IndianapolisColts" 2013 11 391 24.4 1023 5468 5.3 318 191 88 80 213 37.6 28 50 56 582 350 3725 23 60.1 6.4 10.6 10 0.0171821305841924 32 227 5.2 84.88 409 1743 15 4.3 55 13.4 66 576 0.702749140893471 0.652173913043478 336 21 1026 5713 5.6 319 79 210 37.6 24 41 58.5 42 7.3 2002 4.5 60 13.4 112 990
"JacksonvilleJaguars" 2013 4 247 15.4 1020 4701 4.6 271 176 71 70 225 31.1 18 41 43.9 592 349 3441 16 59 5.8 9.9 21 0.035472972972973 50 310 7.8 69.66 378 1260 7 3.3 94 24.9 96 797 0.638513513513513 0.4375 449 28.1 1090 6069 5.6 353 96 226 42.5 39 65 60 31 5.3 2107 4.1 58 11.4 87 729
"KansasCityChiefs" 2013 11 430 26.9 1030 5395 5.2 323 179 110 74 213 34.7 33 57 57.9 546 333 3340 24 61 6.1 10 8 0.0146520146520147 41 221 7 86.94 443 2055 17 4.6 71 16 101 774 0.811355311355311 0.708333333333333 305 19.1 1067 5885 5.5 303 78 229 34.1 19 37 51.4 47 7.4 1923 4.5 69 16.1 112 852
"MiamiDolphins" 2013 8 317 19.8 1001 5007 5 278 205 61 76 217 35 26 46 56.5 594 357 3567 24 60.1 6 10 19 0.031986531986532 58 399 8.9 77.33 349 1440 8 4.1 96 27.5 70 598 0.587542087542088 0.333333333333333 335 20.9 1106 5750 5.2 327 91 238 38.2 26 56 46.4 42 6.8 1998 4.1 68 14 95 748
"MinnesotaVikings" 2013 5 391 24.4 1013 5508 5.4 309 173 106 78 214 36.4 25 48 52.1 546 325 3427 18 59.5 6.3 10.5 19 0.0347985347985348 44 218 7.5 74.33 423 2081 23 4.9 75 17.7 70 695 0.774725274725275 1.27777777777778 480 30 1132 6365 5.6 368 102 231 44.2 39 63 61.9 42 6.1 1774 4 84 19 100 1003
"NewEnglandPatriots" 2013 12 444 27.8 1138 6152 5.4 378 225 110 83 221 37.6 36 65 55.4 628 380 4087 25 60.5 6.5 10.8 11 0.017515923566879 39 256 5.8 85.6 471 2065 19 4.4 61 13 69 625 0.75 0.76 338 21.1 1118 5969 5.3 338 98 232 42.2 28 50 56 48 7.5 2145 4.5 69 14.3 110 951
"NewOrleansSaints" 2013 11 414 25.9 1079 6391 5.9 359 244 87 97 221 43.9 32 57 56.1 651 446 4918 39 68.5 7.6 11 12 0.0184331797235023 37 244 5.4 102.94 391 1473 10 3.8 82 21 95 817 0.600614439324117 0.256410256410256 304 19 943 4891 5.2 274 69 199 34.7 26 46 56.5 49 8.8 1786 4.6 78 20.2 91 750
"NewYorkGiants" 2013 7 294 18.4 988 4920 5 280 176 77 69 211 32.7 17 36 47.2 567 325 3588 18 57.3 6.3 11 29 0.0511463844797178 40 287 6.6 65.49 381 1332 11 3.5 87 22.8 91 786 0.671957671957672 0.611111111111111 383 23.9 1089 5318 4.9 327 93 232 40.1 25 46 54.3 34 5.4 1745 3.8 73 16.1 105 904
"NewYorkJets" 2013 8 290 18.1 1020 5090 5 280 154 105 90 231 39 21 42 50 480 266 2932 13 55.4 6.1 11 22 0.0458333333333333 47 338 8.9 63.65 493 2158 12 4.4 73 14.8 108 837 1.02708333333333 0.923076923076923 387 24.2 1048 5359 5.1 293 85 231 36.8 22 49 44.9 41 6.5 1412 3.4 83 19.7 92 833
"OaklandRaiders" 2013 4 322 20.1 1000 5340 5.3 275 168 90 78 223 35 25 42 59.5 519 298 3340 17 57.4 6.4 11.2 20 0.0385356454720617 44 289 7.8 71.61 437 2000 16 4.6 70 16 116 912 0.842003853564547 0.941176470588235 453 28.3 1029 5819 5.7 330 91 211 43.1 37 62 59.7 38 6.5 1727 3.9 84 19 87 686
"PhiladelphiaEagles" 2013 10 442 27.6 1054 6676 6.3 355 197 133 83 213 39 30 57 52.6 508 310 4110 32 61 8.1 13.3 9 0.0177165354330709 46 296 8.3 100.26 500 2566 19 5.1 91 18.2 95 846 0.984251968503937 0.59375 382 23.9 1150 6304 5.5 368 93 231 40.3 26 49 53.1 37 5.2 1668 3.8 73 16.5 106 855
"PittsburghSteelers" 2013 8 379 23.7 1023 5401 5.3 312 207 81 82 216 38 28 53 52.8 586 377 4017 28 64.3 6.9 10.7 14 0.0238907849829352 43 289 6.8 90.23 394 1384 9 3.5 77 19.5 80 677 0.672354948805461 0.321428571428571 370 23.1 1036 5395 5.2 303 91 230 39.6 31 55 56.4 34 5.6 1849 4.3 60 13.9 92 800
"SanDiegoChargers" 2013 9 396 24.8 1060 6293 5.9 373 230 104 101 206 49 30 59 50.8 544 378 4328 32 69.5 8 11.4 11 0.0202205882352941 30 150 5.2 104.32 486 1965 9 4 52 10.7 95 765 0.893382352941177 0.28125 348 21.8 959 5864 6.1 327 70 180 38.9 28 45 62.2 35 6 1725 4.6 64 17 100 850
"SanFrancisco49ers" 2013 12 406 25.4 961 5180 5.4 286 148 115 77 211 36.5 31 55 56.4 417 244 2979 21 58.5 7.1 12.2 8 0.0191846522781775 39 231 8.6 89.4 505 2201 18 4.4 87 17.2 103 845 1.21103117505995 0.857142857142857 272 17 1020 5071 5 284 76 223 34.1 22 41 53.7 38 6.1 1535 3.9 72 18.1 96 878
"SeattleSeahawks" 2013 13 417 26.1 973 5424 5.6 307 160 116 76 204 37.3 32 57 56.1 420 267 3236 27 63.6 7.7 12.1 9 0.0214285714285714 44 272 9.5 99.66 509 2188 14 4.3 78 15.3 128 1183 1.21190476190476 0.518518518518518 231 14.4 990 4378 4.4 282 76 216 35.2 13 36 36.1 44 7.7 1626 3.9 70 16.6 98 879
"St.LouisRams" 2013 7 348 21.8 968 4877 5 282 165 82 73 212 34.4 25 49 51 506 301 3125 22 59.5 6.2 10.4 11 0.0217391304347826 36 235 6.6 82.82 426 1752 10 4.1 76 17.8 123 1009 0.841897233201581 0.454545454545455 364 22.8 1014 5520 5.4 337 78 201 38.8 31 61 50.8 53 9.2 1646 3.7 100 22.7 105 978
"TampaBayBuccaneers" 2013 4 288 18 981 4432 4.5 269 157 75 69 221 31.2 19 37 51.4 514 291 2820 22 56.6 5.5 9.7 12 0.0233463035019455 47 361 8.4 76.66 420 1612 6 3.8 83 19.8 121 1136 0.817120622568093 0.272727272727273 389 24.3 1020 5568 5.5 324 80 204 39.2 28 56 50 35 6 1762 4 87 19.9 105 1012
"TennesseeTitans" 2013 7 362 22.6 1032 5390 5.2 311 172 103 94 227 41.4 28 49 57.1 533 328 3496 22 61.5 6.6 10.7 16 0.0300187617260788 37 214 6.5 81.95 462 1894 16 4.1 76 16.5 101 900 0.866791744840525 0.727272727272727 381 23.8 1027 5408 5.3 329 69 201 34.3 32 50 64 36 6.2 1796 4 68 15.2 95 779
"WashingtonRedskins" 2013 3 334 20.9 1107 5915 5.3 329 198 112 95 235 40.4 26 50 52 611 355 3751 20 58.1 6.1 10.6 19 0.0310965630114566 43 306 6.6 74.04 453 2164 14 4.8 76 16.8 99 802 0.741407528641571 0.7 478 29.9 993 5665 5.7 329 66 194 34 38 60 63.3 36 6.5 1769 4 77 17.4 83 697
"ArizonaCardinals" 2014 11 310 19.4 993 5116 5.2 302 191 67 90 224 40.2 16 38 42.1 568 320 3808 21 56.3 6.7 11.9 12 0.0211267605633803 28 182 4.7 80.49 397 1308 6 3.3 77 19.4 91 707 0.698943661971831 0.285714285714286 299 18.7 1012 5891 5.8 300 81 216 37.5 18 41 43.9 35 5.7 1739 4.4 86 21.6 130 1192
"AtlantaFalcons" 2014 6 381 23.8 1035 6051 5.8 330 233 75 93 210 44.3 27 44 61.4 632 418 4553 28 66.1 7.2 10.9 15 0.0237341772151899 31 205 4.7 92.1 372 1498 11 4 63 16.9 97 840 0.588607594936709 0.392857142857143 417 26.1 1038 6372 6.1 358 95 203 46.8 33 58 56.9 22 3.7 1894 4.2 56 12.4 91 744
"BaltimoreRavens" 2014 10 409 25.6 1022 5835 5.7 345 194 113 84 205 41 33 63 52.4 555 344 3819 27 62 6.9 11.1 12 0.0216216216216216 19 167 3.3 89.61 448 2016 16 4.5 69 15.4 111 870 0.807207207207207 0.592592592592593 302 18.9 1034 5381 5.2 311 89 221 40.3 23 54 42.6 50 7.8 1408 3.6 74 19 110 1007
"BuffaloBills" 2014 9 343 21.4 1020 5096 5 273 186 65 84 229 36.7 22 51 43.1 579 363 3614 23 62.7 6.2 10 13 0.0224525043177893 39 242 6.3 84.22 402 1482 7 3.7 82 20.4 124 1022 0.694300518134715 0.304347826086957 289 18.1 1027 4988 4.9 302 73 220 33.2 22 44 50 52 8.5 1705 4.1 96 23.1 104 849
"CarolinaPanthers" 2014 7 339 21.2 1062 5546 5.2 347 199 117 93 222 41.9 22 47 46.8 545 327 3511 23 60 6.4 10.7 12 0.0220183486238532 42 317 7.2 83.82 475 2035 10 4.3 80 16.8 83 756 0.871559633027523 0.434782608695652 374 23.4 999 5437 5.4 309 89 210 42.4 29 46 63 40 6.6 1792 4.5 66 16.6 97 761
"ChicagoBears" 2014 5 319 19.9 1005 5233 5.2 322 194 91 78 207 37.7 30 47 63.8 609 396 3792 30 65 6.2 9.6 19 0.0311986863711002 41 243 6.3 85.64 355 1441 8 4.1 72 20.3 113 998 0.582922824302135 0.266666666666667 442 27.6 1009 6034 6 325 85 201 42.3 37 71 52.1 39 6.6 1804 4.3 67 15.9 106 978
"CincinnatiBengals" 2014 10 365 22.8 1019 5568 5.5 313 164 122 84 211 39.8 28 49 57.1 504 323 3421 20 64.1 6.8 10.6 17 0.0337301587301587 23 130 4.4 82.94 492 2147 19 4.4 54 11 102 812 0.976190476190476 0.95 344 21.5 1067 5746 5.4 337 79 215 36.7 27 55 49.1 20 3.2 1858 4.2 61 13.9 105 876
"ClevelandBrowns" 2014 7 299 18.7 1010 5193 5.1 294 179 88 61 207 29.5 24 49 49 503 275 3481 12 54.7 6.9 12.7 16 0.0318091451292246 30 206 5.6 71.18 477 1712 17 3.6 89 18.7 116 932 0.94831013916501 1.41666666666667 337 21.1 1118 5844 5.2 348 90 239 37.7 25 54 46.3 31 5 2260 4.5 66 13.2 98 769
"DallasCowboys" 2014 12 467 29.2 1015 6138 6 342 205 106 95 201 47.3 33 51 64.7 476 328 3784 37 68.9 7.9 11.5 11 0.023109243697479 30 224 5.9 108.91 509 2354 16 4.6 81 15.9 105 839 1.06932773109244 0.432432432432432 352 22 978 5678 5.8 315 89 204 43.6 30 49 61.2 28 4.8 1647 4.2 65 16.6 104 863
"DenverBroncos" 2014 12 482 30.1 1067 6446 6 360 227 98 94 213 44.1 39 62 62.9 607 399 4661 40 65.7 7.7 11.7 15 0.0247116968698517 17 118 2.7 100.53 443 1785 15 4 54 12.2 120 1045 0.729818780889621 0.375 354 22.1 1032 4883 4.7 311 81 222 36.5 30 52 57.7 41 6 1276 3.7 88 25.2 103 816
"DetroitLions" 2014 11 321 20.1 1045 5442 5.2 310 210 72 86 223 38.6 25 47 53.2 604 365 4020 22 60.4 6.7 11 12 0.0198675496688742 45 254 6.9 84.04 396 1422 11 3.6 81 20.5 118 989 0.655629139072848 0.5 282 17.6 984 4815 4.9 310 77 207 37.2 26 49 53.1 42 6.6 1109 3.2 104 29.7 99 849
"GreenBayPackers" 2014 12 486 30.4 1001 6178 6.2 356 222 104 93 197 47.2 37 64 57.8 536 349 4261 38 65.1 7.9 12.2 6 0.0111940298507463 30 186 5.3 108.43 435 1917 14 4.4 65 14.9 92 776 0.811567164179104 0.368421052631579 348 21.8 1054 5541 5.3 339 83 206 40.3 27 48 56.2 41 6.8 1918 4.3 71 15.8 104 945
"HoustonTexans" 2014 9 372 23.2 1062 5508 5.2 313 171 108 91 235 38.7 26 48 54.2 485 295 3347 22 60.8 6.9 11.3 13 0.0268041237113402 26 113 5.1 85.48 551 2161 12 3.9 75 13.6 94 834 1.1360824742268 0.545454545454545 307 19.2 1077 5571 5.2 329 74 218 33.9 22 46 47.8 37 5.6 1674 4 79 18.8 99 785
"IndianapolisColts" 2014 11 458 28.6 1105 6496 5.9 370 251 80 89 217 41 33 60 55 661 410 4894 42 62 7.4 11.9 16 0.0242057488653555 29 168 4.2 95.72 415 1602 9 3.9 69 16.6 105 848 0.627836611195159 0.214285714285714 369 23.1 1008 5483 5.4 309 67 201 33.3 33 50 66 41 7 1814 4.3 74 17.5 101 866
"JacksonvilleJaguars" 2014 3 249 15.6 989 4633 4.7 271 154 86 69 216 31.9 13 32 40.6 557 325 3000 15 58.3 5.4 9.2 18 0.0323159784560144 71 450 11.3 68.66 361 1633 9 4.5 105 29.1 73 573 0.648114901256733 0.6 412 25.8 1085 5932 5.5 329 101 236 42.8 27 56 48.2 45 7.7 2033 4.1 84 16.8 115 886
"KansasCityChiefs" 2014 9 353 22.1 962 5100 5.3 309 184 92 80 201 39.8 28 48 58.3 493 320 3182 18 64.9 6.5 9.9 6 0.0121703853955375 49 246 9 90.17 420 1918 18 4.6 85 20.2 88 681 0.851926977687627 1 281 17.6 1024 5288 5.2 310 79 216 36.6 21 54 38.9 46 7.8 2036 4.7 71 16.4 107 851
"MiamiDolphins" 2014 8 388 24.2 1040 5601 5.4 361 226 99 80 200 40 35 68 51.5 595 394 3729 27 66.2 6.3 9.5 12 0.0201680672268908 46 337 7.2 90.1 399 1872 12 4.7 86 21.6 81 635 0.670588235294118 0.444444444444444 373 23.3 1029 5494 5.3 309 98 223 43.9 29 55 52.7 39 6.8 1937 4.3 77 17 105 920
"MinnesotaVikings" 2014 7 325 20.3 980 5039 5.1 288 171 90 82 210 39 21 39 53.8 517 322 3234 17 62.3 6.3 10 18 0.034816247582205 52 332 9.1 76.5 411 1805 13 4.4 84 20.4 100 836 0.794970986460348 0.764705882352941 343 21.4 1026 5515 5.4 321 90 217 41.5 26 48 54.2 41 7.1 1943 4.3 68 15.1 112 938
"NewEnglandPatriots" 2014 12 468 29.2 1074 5848 5.4 361 228 96 98 221 44.3 39 67 58.2 610 393 4121 34 64.4 6.8 10.5 9 0.0147540983606557 26 170 4.1 96.35 438 1727 13 3.9 56 12.8 120 1080 0.718032786885246 0.382352941176471 313 19.6 1033 5506 5.3 329 84 209 40.2 22 46 47.8 40 6.5 1669 4 70 16.7 92 752
"NewOrleansSaints" 2014 7 401 25.1 1095 6582 6 395 258 101 98 203 48.3 39 65 60 659 456 4764 33 69.2 7.2 10.4 17 0.0257966616084977 30 188 4.4 95.81 406 1818 16 4.5 62 15.3 80 670 0.61608497723824 0.484848484848485 424 26.5 1023 6144 6 345 99 215 46 32 51 62.7 34 5.9 2125 4.8 64 14.4 105 889
"NewYorkGiants" 2014 6 380 23.8 1086 5875 5.4 336 218 83 101 235 43 36 61 59 607 383 4272 30 63.1 7 11.2 14 0.0230642504118616 30 198 4.7 90.85 449 1603 13 3.6 68 15.1 101 896 0.739703459637562 0.433333333333333 400 25 1007 6012 6 326 72 200 36 25 51 49 47 8.3 2162 4.9 78 17.8 105 948
"NewYorkJets" 2014 4 283 17.7 1052 5225 5 289 154 112 91 234 38.9 17 47 36.2 498 287 2946 16 57.6 5.9 10.3 15 0.0301204819277108 47 260 8.6 72.92 507 2279 11 4.5 83 16.4 109 932 1.01807228915663 0.6875 401 25.1 976 5235 5.4 300 99 219 45.2 29 49 59.2 45 7.7 1489 3.8 69 17.6 91 781
"OaklandRaiders" 2014 3 253 15.8 994 4515 4.5 248 173 56 80 236 33.9 21 29 72.4 629 365 3280 22 58 5.2 9 16 0.0254372019077901 27 176 4.1 73.23 338 1235 4 3.7 69 20.4 116 939 0.537360890302067 0.181818181818182 452 28.2 1041 5721 5.5 320 85 221 38.5 30 57 52.6 22 3.9 1911 4 76 15.8 116 941
"PhiladelphiaEagles" 2014 10 474 29.6 1131 6348 5.6 356 218 109 103 237 43.5 29 59 49.2 622 385 4356 27 61.9 7 11.3 21 0.0337620578778135 32 225 4.9 83.25 477 1992 16 4.2 83 17.4 115 995 0.766881028938907 0.592592592592593 400 25 1114 6009 5.4 338 88 232 37.9 25 43 58.1 49 7.7 1771 3.7 95 20 121 1089
"PittsburghSteelers" 2014 11 436 27.2 1068 6564 6.1 379 243 98 93 208 44.7 29 55 52.7 612 411 4812 33 67.2 7.9 11.7 10 0.0163398692810458 34 185 5.3 101.97 422 1752 10 4.2 65 15.4 103 834 0.689542483660131 0.303030303030303 368 23 945 5654 6 314 71 189 37.6 27 50 54 33 5.7 1597 4.3 61 16.6 97 835
"SanDiegoChargers" 2014 9 348 21.8 1009 5468 5.4 326 214 75 97 215 45.1 26 48 54.2 574 380 4099 31 66.2 7.1 10.8 18 0.0313588850174216 36 197 5.9 91.94 399 1369 6 3.4 89 22.3 111 967 0.695121951219512 0.193548387096774 348 21.8 988 5412 5.5 307 89 207 43 27 52 51.9 26 4.7 1986 4.5 72 16.4 129 1058
"SanFrancisco49ers" 2014 8 306 19.1 1010 5238 5.2 303 165 104 86 214 40.2 19 44 43.2 487 292 3063 20 60 6.3 10.5 10 0.0205338809034908 52 344 9.6 83.39 471 2175 10 4.6 95 20.2 116 939 0.967145790554415 0.5 340 21.2 989 5143 5.2 308 88 203 43.3 27 44 61.4 36 6.1 1612 4 76 18.9 122 909
"SeattleSeahawks" 2014 12 394 24.6 1021 6012 5.9 328 160 144 90 212 42.5 31 60 51.7 454 287 3250 20 63.2 7.2 11.3 7 0.0154185022026432 42 242 8.5 92.85 525 2762 20 5.3 79 15 130 1009 1.15638766519824 1 254 15.9 925 4274 4.6 277 75 202 37.1 22 37 59.5 37 6.8 1304 3.4 83 21.8 70 613
"St.LouisRams" 2014 6 324 20.2 957 5035 5.3 288 189 79 68 192 35.4 22 44 50 515 327 3400 20 63.5 6.6 10.4 16 0.0310679611650485 47 295 8.4 82.5 395 1635 11 4.1 86 21.8 123 1139 0.766990291262136 0.55 354 22.1 1004 5617 5.6 301 82 212 38.7 18 39 46.2 41 7.1 1766 4.2 90 21.3 105 882
"TampaBayBuccaneers" 2014 2 277 17.3 937 4672 5 263 162 72 76 203 37.4 21 39 53.8 531 301 3297 21 56.7 6.2 11 20 0.0376647834274953 52 326 8.9 72.68 354 1375 7 3.9 78 22 118 939 0.666666666666667 0.333333333333333 410 25.6 1068 5903 5.5 353 93 213 43.7 32 52 61.5 35 5.8 1813 3.9 93 19.8 106 935
"TennesseeTitans" 2014 2 254 15.9 919 4859 5.3 258 159 75 59 196 30.1 19 39 48.7 513 299 3412 20 58.3 6.7 11.4 16 0.0311890838206628 50 326 8.9 78.37 356 1447 6 4.1 70 19.7 111 961 0.693957115009747 0.3 438 27.4 1099 5968 5.4 357 94 227 41.4 37 63 58.7 39 6.7 2194 4.3 89 17.3 93 731
"WashingtonRedskins" 2014 4 301 18.8 1006 5738 5.7 318 186 88 62 197 31.5 23 48 47.9 547 364 4047 18 66.5 7.4 11.1 18 0.0329067641681901 58 414 9.6 85.62 401 1691 15 4.2 87 21.7 120 1129 0.73308957952468 0.833333333333333 438 27.4 978 5707 5.8 307 89 207 43 25 48 52.1 37 6.6 1722 4.1 72 17.1 144 1164
